0.04643991
0
0.4411791
0
0.487619
0
0.5804989
0
0.6501587
0
0.8591383
0
0.9055782
0
1.068118
0
1.160998
0
1.346757
0
1.532517
0
1.718277
0
1.787936
0
2.136236
0
2.182676
0
2.693515
0
2.763175
0
3.065034
0
3.366893
0
3.482993
0
3.645533
0
3.808073
0
4.226032
0
4.597551
0
4.620771
0
4.667211
0
5.13161
0
5.828208
0
5.874649
0
5.967528
0
6.153288
0
6.339047
0
6.478367
0
6.501587
0
6.617687
0
6.780227
0
7.082086
0
7.244626
0
7.964444
0
8.312743
0
8.382403
0
8.614603
0
8.962902
0
8.986122
0
9.171882
0
9.543401
0
9.589841
0
10.28644
0
10.72762
0
10.75084
0
10.89016
0
11.0527
0
11.19202
0
11.33134
0
11.42422
0
11.58676
0
11.6332
0
11.91184
0
11.93506
0
11.9815
0
12.00472
0
12.46912
0
12.49234
0
12.67809
0
12.72453
0
12.77098
0
13.16571
0
13.21215
0
13.65333
0
13.79265
0
13.86231
0
14.02485
0
14.37315
0
14.41959
0
14.46603
0
14.79111
0
14.90721
0
15.25551
0
15.37161
0
15.60381
0
15.67347
0
16.09143
0
16.13787
0
16.30041
0
16.46295
0
16.78803
0
16.83447
0
17.15955
0
17.32209
0
17.41497
0
18.06512
0
18.57596
0
18.80816
0
18.8546
0
18.9707
0
19.27256
0
19.319
0
19.4351
0
19.80662
0
19.85306
0
19.94594
0
20.08526
0
20.17814
0
20.22458
0
20.52644
0
20.54966
0
20.80508
0
21.01406
0
21.10694
0
21.26948
0
21.4088
0
21.7571
0
21.82676
0
22.1054
0
22.24472
0
22.38404
0
22.54658
0
22.70912
0
22.87165
0
23.01097
0
23.17351
0
23.26639
0
23.33605
0
23.61469
0
23.93977
0
24.07909
0
24.21841
0
24.38095
0
24.54349
0
24.70603
0
24.84535
0
24.86857
0
25.00789
0
25.17043
0
25.19365
0
25.33297
0
25.47229
0
25.63483
0
25.72771
0
25.79737
0
26.07601
0
26.12245
0
26.23855
0
26.26177
0
26.37787
0
26.40109
0
26.56363
0
26.67973
0
26.72617
0
27.00481
0
27.16735
0
27.30667
0
27.49243
0
27.63175
0
27.74784
0
27.77106
0
27.91039
0
28.09614
0
28.18902
0
28.23546
0
28.25868
0
28.53732
0
28.67664
0
28.83918
0
28.88562
0
29.14104
0
29.3268
0
29.46612
0
29.60544
0
29.93052
0
30.06984
0
30.20916
0
30.3717
0
30.41814
0
30.51102
0
30.81288
0
30.9522
0
30.99864
0
31.13796
0
31.3005
0
31.43982
0
31.57914
0
31.85778
0
31.90422
0
32.04354
0
32.18286
0
32.3454
0
32.46149
0
32.48471
0
32.64725
0
32.76336
0
32.9259
0
33.06522
0
33.41351
0
33.55283
0
33.71537
0
33.73859
0
33.85469
0
34.01723
0
34.29587
0
34.48163
0
34.64417
0
34.78349
0
34.92281
0
35.08535
0
35.22467
0
35.27111
0
35.52653
0
35.66585
0
35.82839
0
35.99093
0
36.13025
0
36.29279
0
36.45533
0
36.47855
0
36.73397
0
36.78041
0
36.91973
0
36.94295
0
37.08227
0
37.3609
0
37.40734
0
37.50023
0
37.54667
0
37.63955
0
37.84853
0
37.96463
0
37.98785
0
38.31292
0
38.33614
0
38.45224
0
38.59156
0
38.61478
0
38.7541
0
38.8702
0
38.91665
0
39.05596
0
39.2185
0
39.38104
0
39.52036
0
39.6829
0
39.799
0
39.82222
0
40.00798
0
40.12408
0
40.1473
0
40.28662
0
40.44916
0
40.63492
0
40.7278
0
40.77424
0
40.91356
0
41.0761
0
41.21542
0
41.23864
0
41.49406
0
41.51728
0
41.6566
0
41.84236
0
41.95846
0
42.0049
0
42.09778
0
42.14422
0
42.28354
0
42.44608
0
42.5854
0
42.7015
0
42.74794
0
42.88726
0
43.02658
0
43.18911
0
43.35165
0
43.44453
0
43.49097
0
43.63029
0
43.81606
0
43.88571
0
44.04825
0
44.09469
0
44.18757
0
44.35011
0
44.48943
0
44.53587
0
44.62875
0
44.83773
0
44.95383
0
44.97705
0
45.09315
0
45.16281
0
45.23247
0
45.39501
0
45.53433
0
45.60399
0
45.74331
0
45.85941
0
45.88263
0
45.92907
0
45.99873
0
46.18449
0
46.23093
0
46.39347
0
46.55601
0
46.69533
0
46.83465
0
46.97397
0
46.99719
0
47.29905
0
47.32227
0
47.46159
0
47.60091
0
47.76345
0
47.78667
0
47.90277
0
47.97242
0
48.04208
0
48.11174
0
48.22784
0
48.25106
0
48.36716
0
48.4136
0
48.48326
0
48.50648
0
48.55293
0
48.73869
0
48.76191
0
48.90122
0
49.01732
0
49.06376
0
49.20308
0
49.31918
0
49.36562
0
49.4585
0
49.50494
0
49.76036
0
49.83002
0
49.94612
0
50.08544
0
50.24798
0
50.36408
0
50.43374
0
50.5034
0
50.57306
0
50.68916
0
50.71238
0
50.80526
0
50.8517
0
51.10712
0
51.26966
0
51.4322
0
51.59474
0
51.73406
0
51.87338
0
52.03592
0
52.17524
0
52.2449
0
52.33778
0
52.4771
0
52.61642
0
52.77896
0
52.8254
0
52.96471
0
53.10403
0
53.24335
0
53.4059
0
53.56844
0
53.73097
0
53.87029
0
54.00961
0
54.19537
0
54.33469
0
54.47401
0
54.63655
0
54.79909
0
54.93841
0
55.07773
0
55.24027
0
55.40281
0
55.56535
0
55.70467
0
55.77433
0
55.84399
0
56.05297
0
56.21551
0
56.37805
0
56.42449
0
56.54059
0
56.67991
0
56.84245
0
57.12109
0
57.30685
0
57.44617
0
57.51583
0
57.60871
0
57.77125
0
57.91056
0
58.0731
0
58.23565
0
58.39819
0
58.49107
0
58.53751
0
58.86258
0
59.02512
0
59.16444
0
59.30376
0
59.48952
0
59.62884
0
59.9307
0
60.11646
0
60.25578
0
60.3951
0
60.55764
0
60.72018
0
60.88272
0
61.02204
0
61.16136
0
61.3239
0
61.62576
0
61.76508
0
62.06694
0
62.50812
0
62.53134
0
62.69388
0
62.83319
0
62.87963
0
62.99574
0
63.13506
0
63.15828
0
63.32082
0
63.46014
0
63.48336
0
63.59945
0
63.76199
0
63.78521
0
63.90131
0
64.20317
0
64.34249
0
64.38893
0
64.52825
0
